0 0.39954005934718106 0.873340206185567 0.08265578635014836 0.22090721649484535
0 0.31686943620178043 0.8409484536082474 0.08689910979228486 0.27393814432989694
0 0.3974183976261128 0.7378556701030928 0.10810089020771513 0.27393814432989694
0 0.4641839762611276 0.7157525773195876 0.10173590504451037 0.32989690721649484
0 0.5245845697329377 0.6951340206185567 0.08265578635014836 0.3357938144329897
0 0.5945252225519287 0.6701030927835051 0.09538575667655787 0.30927835051546393
0 0.2575222551928783 0.27835051546391754 0.17591988130563796 0.4388865979381444
0 0.5214094955489614 0.3416701030927835 0.1271661721068249 0.2709896907216495
0 0.6655341246290801 0.2415257731958763 0.22467359050445104 0.4653814432989691
0 0.41118694362017805 0.2135463917525773 0.22467359050445104 0.4270927835051546
0 0.09856083086053413 0.387340206185567 0.1801632047477745 0.25626804123711344
0 0.07735905044510386 0.1590515463917526 0.14200296735905044 0.3181237113402062
0 0.8191988130563798 0.3004329896907217 0.08689910979228486 0.28865979381443296
0 0.8965727002967359 0.3004329896907217 0.07630563798219585 0.29455670103092785
0 0.967566765578635 0.29602061855670103 0.048753709198813056 0.2621443298969072