0 0.19754512635379062 0.5139276485788113 0.13036101083032492 0.36175710594315247
0 0.2848014440433213 0.5311627906976745 0.11631768953068591 0.3330490956072351
0 0.43622743682310466 0.5096124031007752 0.1263537906137184 0.24403100775193798
0 0.6448014440433214 0.5455038759689923 0.1263537906137184 0.2986046511627907
0 0.6046931407942239 0.46798449612403104 0.1263537906137184 0.3387855297157623
0 0.8413537906137184 0.5397674418604651 0.10229241877256318 0.2124547803617571
0 0.7671480144404332 0.4105684754521963 0.18651624548736462 0.19524547803617573
0 0.2787725631768953 0.13780361757105944 0.08021660649819494 0.2641343669250646
0 0.1444043321299639 0.26700258397932813 0.10028880866425993 0.20671834625322996
0 0.07620938628158845 0.39191214470284236 0.12835740072202165 0.3072093023255814
0 0.33193140794223824 0.1851937984496124 0.09025270758122744 0.16940568475452197
0 0.41716606498194947 0.3158139534883721 0.16846570397111912 0.18374677002583978
0 0.399115523465704 0.747906976744186 0.13236462093862816 0.2555297157622739
0 0.584638989169675 0.7909819121447029 0.1263537906137184 0.28997416020671835
0 0.4943862815884476 0.7795090439276486 0.1263537906137184 0.27276485788113697
0 0.7892057761732852 0.7967183462532299 0.13839350180505416 0.31868217054263565
0 0.681913357400722 0.8024806201550387 0.12034296028880867 0.2957105943152455
0 0.9285920577617329 0.8383462532299741 0.13236462093862816 0.32155038759689925
0 0.06016245487364621 0.6660981912144702 0.12034296028880867 0.2756330749354005