0 0.54340625 0.5364609375 0.50346875 0.4375
0 0.15278124999999998 0.47786718749999996 0.30555208333333334 0.3828125
0 0.34548958333333335 0.8802109375 0.40625 0.2395859375
0 0.73784375 0.8736953125 0.39930208333333334 0.2526015625
0 0.7951354166666668 0.3046875 0.18055208333333334 0.0729140625
0 0.8385416666666666 0.484375 0.18403124999999998 0.109375
0 0.69096875 0.2174453125 0.14583333333333334 0.1015625
0 0.55034375 0.0611953125 0.19791666666666666 0.0911484375
0 0.5243020833333333 0.125 0.17361458333333332 0.0885390625
0 0.52778125 0.16927343749999998 0.1875 0.0416640625
0 0.5138854166666667 0.2161484375 0.19444791666666666 0.078125
0 0.3854166666666667 0.13150781250000002 0.09721874999999999 0.2265625