0 0.607421875 0.45703125 0.19921875 0.5703125
0 0.1484375 0.1171875 0.25 0.17708333333333334
0 0.173828125 0.24739583333333334 0.25 0.15104166666666666
0 0.150390625 0.3893229166666667 0.234375 0.1328125
0 0.224609375 0.484375 0.20703125 0.13020833333333334
0 0.427734375 0.30859375 0.3046875 0.2682291666666667
0 0.451171875 0.4830729166666667 0.2421875 0.1484375
0 0.0751953125 0.50390625 0.150390625 0.2994791666666667
0 0.6044921875 0.08072916666666667 0.267578125 0.13020833333333334
0 0.875 0.06640625 0.25 0.1328125
0 0.876953125 0.16276041666666666 0.24609375 0.2265625
0 0.8759765625 0.3033854166666667 0.248046875 0.2734375
0 0.8740234375 0.4244791666666667 0.251953125 0.2864583333333333
0 0.3955078125 0.0859375 0.142578125 0.171875