0 0.45659374999999996 0.49478906250000004 0.3020833333333333 0.49478906250000004
0 0.8975729166666666 0.49349218749999996 0.20486458333333332 0.4609375
0 0.20486458333333332 0.69140625 0.2708333333333333 0.1015625
0 0.21701041666666668 0.3606796875 0.18403124999999998 0.0755234375
0 0.20659375000000002 0.41146093749999996 0.18403124999999998 0.0520859375
0 0.23958333333333334 0.5638046875 0.20833333333333334 0.0651015625
0 0.23090624999999998 0.5026015625 0.18403124999999998 0.0625
0 0.22048958333333332 0.46224218749999996 0.18403124999999998 0.0546875
0 0.7673645833333332 0.34765625 0.10416666666666667 0.0911484375
0 0.76909375 0.41536718749999996 0.08680208333333334 0.0390625
0 0.7829895833333332 0.4609375 0.11458333333333333 0.03125
0 0.7760416666666666 0.5078125 0.10069791666666666 0.046875
0 0.796875 0.5559921875 0.12153125000000001 0.0859375
0 0.8194479166666666 0.6184921875 0.125 0.0494765625
0 0.8055520833333334 0.66015625 0.14583333333333334 0.0651015625
0 0.30382291666666666 0.92578125 0.17708333333333334 0.1484375
0 0.69965625 0.9322890625 0.17708333333333334 0.13541406250000002
0 0.5625 0.92578125 0.15971875000000002 0.1484375
0 0.9392395833333332 0.9322890625 0.12153125000000001 0.13541406250000002
0 0.11979166666666667 0.9622421875 0.23958333333333334 0.0755234375