0 0.5885416666666666 0.45572656250000004 0.32986458333333335 0.5052109375
0 0.5642395833333332 0.859375 0.28125 0.0729140625
0 0.8541666666666666 0.45052343749999996 0.25694791666666666 0.48958593749999996
0 0.18229166666666666 0.022132812499999998 0.17013541666666668 0.0442734375
0 0.18923958333333332 0.0911484375 0.15625 0.10416406250000002
0 0.19791666666666666 0.18099218749999998 0.16666666666666666 0.1015625
0 0.21701041666666668 0.2747421875 0.14930208333333334 0.0703125
0 0.23090624999999998 0.3528671875 0.14930208333333334 0.0755234375
0 0.23611458333333332 0.4296875 0.15971875000000002 0.0833359375
0 0.08507291666666666 0.3541640625 0.14930208333333334 0.0833359375
0 0.07291666666666667 0.27734375 0.13194791666666666 0.0807265625
0 0.4947916666666667 0.0924453125 0.14930208333333334 0.0911484375
0 0.35069791666666666 0.0989609375 0.15278124999999998 0.0885390625
0 0.34201041666666665 0.18489843749999998 0.15625 0.0833359375
0 0.36284374999999996 0.265625 0.14236458333333332 0.078125
0 0.359375 0.3424453125 0.14930208333333334 0.0651015625
0 0.375 0.41536718749999996 0.13888541666666668 0.0859375
0 0.49132291666666666 0.16666406250000002 0.12846875 0.0677109375
0 0.6354166666666666 0.0755234375 0.15278124999999998 0.11458593749999998
0 0.6180520833333334 0.13411718749999998 0.17361458333333332 0.1171875