0 0.3828125 0.6770833333333334 0.72265625 0.3489583333333333
0 0.6376953125 0.2786458333333333 0.099609375 0.14583333333333334
0 0.6787109375 0.4466145833333333 0.072265625 0.1171875
0 0.5966796875 0.43359375 0.068359375 0.1328125
0 0.5283203125 0.41796875 0.076171875 0.1328125
0 0.455078125 0.3776041666666667 0.0703125 0.15104166666666666
0 0.2744140625 0.4283854166666667 0.087890625 0.1796875
0 0.458984375 0.09505208333333333 0.0625 0.06510416666666667
0 0.54296875 0.1015625 0.0703125 0.078125
0 0.861328125 0.06640625 0.05078125 0.1328125
0 0.943359375 0.08463541666666667 0.09375 0.16927083333333334
0 0.8681640625 0.3411458333333333 0.048828125 0.078125