0 0.5546875 0.40625 0.62109375 0.40625
0 0.853515625 0.6080729166666666 0.234375 0.1640625
0 0.8515625 0.71875 0.21484375 0.10416666666666667
0 0.8408203125 0.8255208333333334 0.220703125 0.09895833333333333
0 0.8154296875 0.91796875 0.197265625 0.1171875
0 0.6494140625 0.8125 0.212890625 0.3385416666666667
0 0.4287109375 0.80859375 0.330078125 0.22135416666666666
0 0.931640625 0.4609375 0.13671875 0.15104166666666666
0 0.3955078125 0.053385416666666664 0.111328125 0.09114583333333333
0 0.390625 0.11588541666666667 0.11328125 0.0859375
0 0.3974609375 0.17447916666666666 0.107421875 0.08333333333333333
0 0.400390625 0.23177083333333334 0.109375 0.06770833333333333
0 0.8046875 0.08333333333333333 0.08984375 0.10416666666666667
0 0.8212890625 0.14192708333333334 0.103515625 0.0703125
0 0.947265625 0.15234375 0.10546875 0.12239583333333333
0 0.1904296875 0.07421875 0.205078125 0.1171875
0 0.2099609375 0.11979166666666667 0.232421875 0.09375