0 0.4990234375 0.4609375 0.529296875 0.5260416666666666
0 0.8662109375 0.4973958333333333 0.267578125 0.234375
0 0.8779296875 0.6510416666666666 0.236328125 0.18229166666666666
0 0.8701171875 0.78125 0.205078125 0.125
0 0.87890625 0.8841145833333334 0.21484375 0.11197916666666667
0 0.83984375 0.95703125 0.19921875 0.0859375
0 0.6787109375 0.8502604166666666 0.208984375 0.2994791666666667
0 0.4443359375 0.8372395833333334 0.326171875 0.18489583333333334
0 0.8427734375 0.12109375 0.119140625 0.0703125
0 0.83984375 0.19401041666666666 0.12109375 0.11197916666666667
0 0.8505859375 0.2643229166666667 0.115234375 0.09635416666666667
0 0.8564453125 0.3216145833333333 0.107421875 0.0859375
0 0.8671875 0.3815104166666667 0.13671875 0.0546875
0 0.9482421875 0.07161458333333333 0.103515625 0.12760416666666666
0 0.9580078125 0.20182291666666666 0.083984375 0.15364583333333334
0 0.9580078125 0.3580729166666667 0.076171875 0.11197916666666667
0 0.24609375 0.10286458333333333 0.23046875 0.06510416666666667
0 0.240234375 0.16796875 0.23046875 0.09114583333333333
0 0.078125 0.15364583333333334 0.09765625 0.078125
0 0.42578125 0.0859375 0.12109375 0.078125
0 0.4228515625 0.15625 0.107421875 0.052083333333333336
0 0.5263671875 0.07682291666666667 0.103515625 0.07552083333333333
0 0.7412109375 0.08072916666666667 0.103515625 0.06770833333333333
0 0.728515625 0.1484375 0.109375 0.07291666666666667