0 0.5693359375 0.62109375 0.232421875 0.4661458333333333
0 0.22265625 0.2565104166666667 0.234375 0.1328125
0 0.24609375 0.3697916666666667 0.25 0.08333333333333333
0 0.671875 0.14713541666666666 0.20703125 0.15364583333333334
0 0.677734375 0.2864583333333333 0.17578125 0.11979166666666667
0 0.7060546875 0.3880208333333333 0.177734375 0.10416666666666667
0 0.4951171875 0.375 0.287109375 0.328125
0 0.083984375 0.24088541666666666 0.16796875 0.2734375
0 0.89453125 0.18098958333333334 0.2109375 0.2994791666666667
0 0.90234375 0.3125 0.1953125 0.28125
0 0.3515625 0.17057291666666666 0.1484375 0.17447916666666666
0 0.177734375 0.053385416666666664 0.16796875 0.10677083333333333
0 0.8955078125 0.3815104166666667 0.208984375 0.2838541666666667
0 0.8994140625 0.5065104166666666 0.201171875 0.4557291666666667