0 0.6240234375 0.4309895833333333 0.388671875 0.6432291666666666
0 0.220703125 0.4388020833333333 0.2109375 0.12239583333333333
0 0.1982421875 0.3385416666666667 0.240234375 0.11458333333333333
0 0.1708984375 0.24869791666666666 0.228515625 0.14322916666666666
0 0.232421875 0.109375 0.34375 0.20833333333333334
0 0.4580078125 0.13020833333333334 0.294921875 0.19791666666666666
0 0.3681640625 0.23567708333333334 0.146484375 0.09635416666666667
0 0.3935546875 0.3346354166666667 0.185546875 0.0859375
0 0.8994140625 0.4244791666666667 0.138671875 0.14583333333333334
0 0.9130859375 0.3580729166666667 0.150390625 0.1171875
0 0.9267578125 0.2669270833333333 0.146484375 0.1171875
0 0.9345703125 0.19270833333333334 0.130859375 0.11979166666666667
0 0.943359375 0.11328125 0.11328125 0.09114583333333333
0 0.947265625 0.052083333333333336 0.10546875 0.09375