0 0.5138854166666667 0.5833359375 0.6180520833333334 0.3489609375
0 0.29340625000000004 0.3450546875 0.13541666666666666 0.1484375
0 0.38194791666666666 0.15625 0.09721874999999999 0.16666406250000002
0 0.8663229166666666 0.3190078125 0.12153125000000001 0.10677343749999998
0 0.921875 0.1953125 0.09375 0.11458593749999998
0 0.7795104166666668 0.2786484375 0.07291666666666667 0.11978906250000002
0 0.71528125 0.23828125 0.07638541666666666 0.0963515625
0 0.8298645833333332 0.4375 0.09721874999999999 0.10416406250000002
0 0.9392395833333332 0.4375 0.07986458333333334 0.10416406250000002
0 0.5833333333333334 0.3489609375 0.09028125000000001 0.10416406250000002
0 0.47221874999999996 0.27734375 0.15971875000000002 0.0911484375
0 0.4375 0.36328125 0.16666666666666666 0.0911484375
0 0.56596875 0.9283828125 0.17361458333333332 0.13802343749999998