0 0.37871875 0.43247656250000005 0.11160416666666667 0.0747734375
0 0.26190625 0.296875 0.14881250000000001 0.0982109375
0 0.19344791666666666 0.2801328125 0.059520833333333335 0.046875
0 0.24553125 0.6919609375 0.09821875000000001 0.10491406249999999
0 0.16740625 0.6339296875 0.13541666666666666 0.0982109375
0 0.05815625 0.5787734375 0.11632291666666666 0.12890625
0 0.875 0.205296875 0.22685416666666666 0.1571171875
0 0.9259270833333333 0.2760390625 0.14814583333333334 0.12153125000000001
0 0.7505833333333333 0.1085078125 0.06134375 0.0677109375
0 0.9479166666666666 0.076390625 0.0601875 0.0572890625
0 0.9270833333333334 0.088109375 0.05555208333333333 0.05121875
0 0.7118020833333334 0.11762500000000001 0.07176041666666667 0.068578125
0 0.7546250000000001 0.10807031250000002 0.0648125 0.072046875
0 0.7887708333333333 0.0950546875 0.05670833333333333 0.0546875
0 0.8611145833333332 0.052953125000000004 0.057875 0.048609374999999996
0 0.6464166666666666 0.048609374999999996 0.0335625 0.0868046875
0 0.609375 0.0234375 0.05439583333333333 0.045140625000000004
0 0.9513854166666668 0.7369765625 0.09721874999999999 0.0711796875
0 0.9143541666666667 0.765625 0.09259375 0.076390625
0 0.8732604166666668 0.7816875 0.09375 0.0789921875
0 0.7881979166666666 0.8194453125000001 0.07870833333333334 0.0885390625
0 0.8304375 0.8029531249999999 0.07986458333333334 0.07465625000000001
0 0.9091458333333333 0.8697890625 0.052083333333333336 0.079859375
0 0.8385416666666666 0.87153125 0.05439583333333333 0.05034375
0 0.79803125 0.89409375 0.06829166666666667 0.0399296875
0 0.75115625 0.83984375 0.07407291666666667 0.0772578125
0 0.21469791666666668 0.8537343749999999 0.07060416666666666 0.10677343749999998
0 0.35475 0.8932265625 0.08680208333333334 0.12153125000000001
0 0.42303125 0.9197031250000001 0.07522916666666667 0.12065624999999999
0 0.42904166666666665 0.0322265625 0.08984375 0.060546875
0 0.3854166666666667 0.06640625 0.07291666666666667 0.068359375
0 0.34180208333333334 0.08545312499999999 0.08984375 0.0654296875
0 0.3216145833333333 0.132328125 0.078125 0.0458984375
0 0.28060416666666665 0.1567421875 0.07421875 0.0478515625
0 0.23372916666666665 0.1840859375 0.07682291666666667 0.0458984375
0 0.18945833333333334 0.212890625 0.07682291666666667 0.048828125
0 0.14453125 0.2451171875 0.0703125 0.048828125
0 0.3411458333333333 0.21875 0.1015625 0.072265625
0 0.29753124999999997 0.2368203125 0.11067708333333333 0.0634765625
0 0.40299999999999997 0.3520546875 0.06901041666666667 0.0498046875