0 0.0810546875 0.42578125 0.123046875 0.3515625
0 0.17578125 0.3971354166666667 0.12890625 0.3046875
0 0.2353515625 0.3411458333333333 0.111328125 0.2916666666666667
0 0.3154296875 0.29296875 0.154296875 0.3255208333333333
0 0.3955078125 0.2630208333333333 0.123046875 0.3020833333333333
0 0.6845703125 0.15885416666666666 0.326171875 0.11458333333333333
0 0.671875 0.09765625 0.3125 0.12239583333333333
0 0.5703125 0.6979166666666666 0.09375 0.453125
0 0.8828125 0.6627604166666666 0.14453125 0.6067708333333334
0 0.94921875 0.6354166666666666 0.1015625 0.5677083333333334
0 0.4970703125 0.7005208333333334 0.080078125 0.4427083333333333
0 0.4228515625 0.76171875 0.056640625 0.4296875