0 0.48263541666666665 0.6419296875 0.20138541666666668 0.40364843749999996
0 0.8229166666666666 0.5911484375 0.3541666666666667 0.2447890625
0 0.80903125 0.7161484375 0.38194791666666666 0.19271093749999998
0 0.78471875 0.3046875 0.43055208333333334 0.125
0 0.7795104166666668 0.40755468749999996 0.44096874999999996 0.1171875
0 0.65278125 0.48958593749999996 0.20138541666666668 0.09375
0 0.65625 0.05859375 0.2638854166666667 0.0911484375
0 0.64409375 0.13802343749999998 0.2604166666666667 0.09375
0 0.6423645833333332 0.2200546875 0.2638854166666667 0.0651015625
0 0.54340625 0.3111953125 0.08680208333333334 0.12239843749999998
0 0.21701041666666668 0.3072890625 0.19791666666666666 0.10416406250000002
0 0.2864583333333333 0.2513046875 0.14236458333333332 0.10677343749999998
0 0.2864583333333333 0.14583593749999998 0.18403124999999998 0.125
0 0.44617708333333334 0.14192968749999998 0.21875 0.0703125
0 0.44444791666666666 0.19791406250000002 0.20833333333333334 0.0572890625
0 0.4375 0.2434921875 0.20138541666666668 0.0755234375
0 0.453125 0.2955703125 0.23263541666666668 0.0546875
0 0.9131979166666666 0.0455703125 0.17361458333333332 0.0703125
0 0.9045104166666668 0.12760156250000002 0.19096875000000002 0.0833359375
0 0.8975729166666666 0.22265625 0.20486458333333332 0.1015625
0 0.109375 0.26171875 0.19096875000000002 0.2578125