0 0.3527734375 0.37200520833333334 0.058642578125 0.14376302083333334
0 0.4601171875 0.37515625 0.044453125 0.08700520833333332
0 0.40857421875 0.38524739583333334 0.052958984375 0.08196614583333334
0 0.5310546875 0.4867578125 0.087958984375 0.10592447916666665
0 0.5225390625 0.6286328125 0.122001953125 0.15510416666666668
0 0.37689453125 0.5554817708333334 0.150380859375 0.17276041666666667
0 0.634140625 0.6179036458333333 0.125791015625 0.15889322916666668
0 0.615224609375 0.39848958333333334 0.059580078125 0.1210546875
0 0.680009765625 0.3928125 0.0851171875 0.1298828125
0 0.58259765625 0.25221354166666665 0.08701171875 0.080703125
0 0.5305859375 0.17087239583333333 0.071875 0.0668359375
0 0.4691015625 0.295078125 0.0851171875 0.07313802083333333
0 0.249208984375 0.6179036458333333 0.1295703125 0.168984375
0 0.152744140625 0.6841145833333333 0.108759765625 0.16772135416666667
0 0.88193359375 0.6242187499999999 0.14091796875 0.22699218750000003
0 0.8081640625 0.6380859375 0.1295703125 0.24716145833333333
0 0.73203125 0.6481770833333333 0.117275390625 0.24968749999999998
0 0.9511328125 0.21690104166666668 0.097724609375 0.15889322916666668
0 0.851669921875 0.14061197916666665 0.089853515625 0.10466145833333333
0 0.95712890625 0.116015625 0.079443359375 0.0756640625
0 0.7452734375 0.15510416666666668 0.07376953125 0.080703125
0 0.603408203125 0.17023437500000002 0.066201171875 0.063046875
0 0.668193359375 0.18411458333333333 0.072822265625 0.0756640625
0 0.242119140625 0.23518229166666668 0.11349609375 0.05421875
0 0.0537109375 0.6727473958333333 0.09765625 0.29079427083333337
0 0.074052734375 0.5826822916666666 0.128583984375 0.25390625