1 0.119140625 0.5230024213075061 0.0205078125 0.06295399515738499
1 0.1904296875 0.28087167070217917 0.0146484375 0.05084745762711865
1 0.2158203125 0.2736077481840194 0.021484375 0.05811138014527845
1 0.248046875 0.4576271186440678 0.033203125 0.0847457627118644
1 0.16796875 0.5351089588377724 0.046875 0.14043583535108958
1 0.3671875 0.48668280871670705 0.078125 0.23002421307506055
1 0.4052734375 0.27602905569007263 0.0458984375 0.11864406779661017
1 0.4306640625 0.20581113801452786 0.0244140625 0.06779661016949153
1 0.5166015625 0.4745762711864407 0.048828125 0.17191283292978207
1 0.5673828125 0.36803874092009686 0.0576171875 0.18159806295399517
1 0.4921875 0.2929782082324455 0.0048828125 0.009685230024213076
1 0.517578125 0.28087167070217917 0.0078125 0.01694915254237288
1 0.470703125 0.27602905569007263 0.005859375 0.024213075060532687
1 0.267578125 0.2784503631961259 0.013671875 0.03631961259079903
1 0.08984375 0.3365617433414044 0.013671875 0.03389830508474576
1 0.6337890625 0.38256658595641646 0.08203125 0.25907990314769974
1 0.6650390625 0.18886198547215496 0.0791015625 0.2639225181598063
1 0.7958984375 0.28087167070217917 0.087890625 0.25181598062953997
1 0.8291015625 0.06295399515738499 0.017578125 0.03631961259079903
1 0.8837890625 0.08232445520581114 0.0126953125 0.043583535108958835
1 0.9287109375 0.09685230024213075 0.0185546875 0.05569007263922518
1 0.9501953125 0.31234866828087166 0.021484375 0.05569007263922518
1 0.9736328125 0.2857142857142857 0.0244140625 0.05569007263922518
1 0.8681640625 0.3559322033898305 0.0185546875 0.0774818401937046
1 0.9072265625 0.3922518159806295 0.0224609375 0.07990314769975787
1 0.00732421875 0.6513317191283293 0.0146484375 0.14769975786924938