1 0.4306640625 0.24739583333333334 0.0224609375 0.0390625
1 0.4892578125 0.22786458333333334 0.0185546875 0.03515625
1 0.517578125 0.25390625 0.0263671875 0.045572916666666664
1 0.5546875 0.24348958333333334 0.0224609375 0.04296875
1 0.5693359375 0.20963541666666666 0.0224609375 0.037760416666666664
1 0.5947265625 0.296875 0.0263671875 0.045572916666666664
1 0.646484375 0.2578125 0.025390625 0.0390625
1 0.6708984375 0.26171875 0.02734375 0.0390625
1 0.763671875 0.18229166666666666 0.03125 0.05078125
1 0.8173828125 0.3515625 0.03515625 0.055989583333333336
1 0.5078125 0.5481770833333334 0.033203125 0.049479166666666664
1 0.4345703125 0.51953125 0.0361328125 0.046875
1 0.365234375 0.5013020833333334 0.03125 0.049479166666666664
1 0.322265625 0.4830729166666667 0.0234375 0.044270833333333336
1 0.2724609375 0.4830729166666667 0.02734375 0.045572916666666664
1 0.232421875 0.4830729166666667 0.0244140625 0.036458333333333336
1 0.2060546875 0.4674479166666667 0.0234375 0.029947916666666668
1 0.154296875 0.4739583333333333 0.0234375 0.037760416666666664
1 0.4638671875 0.5338541666666666 0.01953125 0.03125
1 0.1162109375 0.4127604166666667 0.0048828125 0.01171875
1 0.09765625 0.4166666666666667 0.0048828125 0.009114583333333334
1 0.1083984375 0.4114583333333333 0.00390625 0.006510416666666667
1 0.0087890625 0.3815104166666667 0.005859375 0.010416666666666666
1 0.0654296875 0.41015625 0.0048828125 0.009114583333333334
1 0.1513671875 0.4153645833333333 0.00390625 0.005208333333333333