1 0.005859375 0.13947696139476962 0.0107421875 0.026151930261519303
1 0.0673828125 0.22789539227895392 0.0322265625 0.049813200498132
1 0.109375 0.1569115815691158 0.0205078125 0.034869240348692404
1 0.123046875 0.1930261519302615 0.03125 0.0547945205479452
1 0.1376953125 0.20797011207970112 0.0146484375 0.0361145703611457
1 0.2001953125 0.21419676214196762 0.033203125 0.06351183063511831
1 0.2333984375 0.18929016189290163 0.0234375 0.037359900373599
1 0.259765625 0.1718555417185554 0.0185546875 0.0323785803237858
1 0.3115234375 0.1855541718555417 0.02734375 0.05603985056039851
1 0.240234375 0.25280199252801994 0.0390625 0.074719800747198
1 0.373046875 0.23785803237858033 0.03515625 0.06973848069738481
1 0.36328125 0.17683686176836863 0.0263671875 0.0460772104607721
1 0.380859375 0.20298879202988793 0.02734375 0.04234122042341221
1 0.44921875 0.199252801992528 0.0322265625 0.06102117061021171
1 0.552734375 0.16687422166874222 0.0224609375 0.037359900373599
1 0.5078125 0.22789539227895392 0.0244140625 0.039850560398505604
1 0.5517578125 0.23412204234122042 0.029296875 0.052303860523038606
1 0.5283203125 0.2727272727272727 0.037109375 0.06724782067247821
1 0.640625 0.15566625155666253 0.0166015625 0.028642590286425903
1 0.6494140625 0.2328767123287671 0.03515625 0.0647571606475716
1 0.701171875 0.1917808219178082 0.0205078125 0.043586550435865505
1 0.6962890625 0.2266500622665006 0.0244140625 0.0460772104607721
1 0.7568359375 0.23785803237858033 0.025390625 0.047322540473225407
1 0.7734375 0.22914072229140722 0.01953125 0.043586550435865505
1 0.6943359375 0.3175591531755915 0.037109375 0.07347447073474471
1 0.8056640625 0.2764632627646326 0.0341796875 0.06351183063511831
1 0.806640625 0.2503113325031133 0.03125 0.047322540473225407
1 0.8662109375 0.21544209215442092 0.0234375 0.037359900373599
1 0.9072265625 0.21793275217932753 0.02734375 0.052303860523038606
1 0.8720703125 0.33374844333748444 0.037109375 0.07721046077210461
1 0.9736328125 0.24782067247820672 0.0390625 0.07347447073474471
1 0.986328125 0.20921544209215442 0.02734375 0.06351183063511831
1 0.0537109375 0.1793275217932752 0.0224609375 0.029887920298879204