1 0.0966796875 0.5190615835777126 0.0087890625 0.016129032258064516
1 0.1220703125 0.5249266862170088 0.0126953125 0.021994134897360705
1 0.16015625 0.5161290322580645 0.0126953125 0.020527859237536656
1 0.1796875 0.5351906158357771 0.0107421875 0.01906158357771261
1 0.2001953125 0.5395894428152492 0.009765625 0.017595307917888565
1 0.2197265625 0.5219941348973607 0.01171875 0.01906158357771261
1 0.244140625 0.5410557184750733 0.0126953125 0.01906158357771261
1 0.2607421875 0.533724340175953 0.0107421875 0.016129032258064516
1 0.275390625 0.532258064516129 0.0087890625 0.016129032258064516
1 0.3603515625 0.5087976539589443 0.013671875 0.020527859237536656
1 0.31640625 0.5131964809384164 0.0087890625 0.013196480938416423
1 0.3798828125 0.5205278592375366 0.01171875 0.017595307917888565
1 0.4892578125 0.5205278592375366 0.0166015625 0.02346041055718475
1 0.6015625 0.5102639296187683 0.009765625 0.01466275659824047
1 0.6181640625 0.5205278592375366 0.01171875 0.017595307917888565
1 0.630859375 0.5351906158357771 0.013671875 0.01906158357771261
1 0.7001953125 0.5058651026392962 0.009765625 0.016129032258064516
1 0.7666015625 0.5366568914956011 0.01171875 0.016129032258064516
1 0.853515625 0.5381231671554252 0.0107421875 0.021994134897360705
1 0.8759765625 0.5190615835777126 0.013671875 0.01906158357771261
1 0.92578125 0.5161290322580645 0.0087890625 0.017595307917888565
1 0.91015625 0.5190615835777126 0.0078125 0.013196480938416423