1 0.009765625 0.24324324324324326 0.01953125 0.03556187766714083
1 0.0361328125 0.2332859174964438 0.0224609375 0.034139402560455195
1 0.107421875 0.22759601706970128 0.0283203125 0.044096728307254626
1 0.1533203125 0.17780938833570412 0.033203125 0.05263157894736842
1 0.232421875 0.22617354196301565 0.03515625 0.059743954480796585
1 0.255859375 0.22617354196301565 0.021484375 0.03698435277382646
1 0.34375 0.18634423897581792 0.0390625 0.06401137980085349
1 0.3115234375 0.2361308677098151 0.02734375 0.049786628733997154
1 0.37109375 0.20056899004267426 0.029296875 0.03982930298719772
1 0.4755859375 0.14509246088193456 0.0439453125 0.07112375533428165
1 0.4892578125 0.19772403982930298 0.0205078125 0.044096728307254626
1 0.5166015625 0.20056899004267426 0.0244140625 0.03840682788051209
1 0.5751953125 0.20056899004267426 0.03125 0.049786628733997154
1 0.6337890625 0.1721194879089616 0.037109375 0.05832147937411095
1 0.763671875 0.20056899004267426 0.0283203125 0.03982930298719772
1 0.7978515625 0.1465149359886202 0.044921875 0.06685633001422475
1 0.880859375 0.20625889046941678 0.0400390625 0.06543385490753911
1 0.921875 0.20768136557610242 0.033203125 0.049786628733997154
1 0.951171875 0.19203413940256045 0.0283203125 0.03840682788051209
1 0.97265625 0.21337126600284495 0.0234375 0.034139402560455195