1 0.9013671875 0.47283406754772395 0.02734375 0.049926578560939794
1 0.88671875 0.4170337738619677 0.0087890625 0.01762114537444934
1 0.8798828125 0.4977973568281938 0.01953125 0.0381791483113069
1 0.810546875 0.46402349486049926 0.03125 0.055800293685756244
1 0.8720703125 0.39500734214390604 0.0087890625 0.023494860499265784
1 0.7724609375 0.42143906020558003 0.0078125 0.016152716593245228
1 0.720703125 0.5726872246696035 0.0234375 0.048458149779735685
1 0.7158203125 0.2775330396475771 0.0263671875 0.04698972099853157
1 0.6220703125 0.3054331864904552 0.033203125 0.048458149779735685
1 0.51953125 0.4933920704845815 0.0361328125 0.0631424375917768
1 0.3935546875 0.5007342143906021 0.0205078125 0.05286343612334802
1 0.3076171875 0.5873715124816447 0.0341796875 0.05726872246696035