1 0.7255859375 0.1973365617433414 0.111328125 0.16343825665859565
1 0.57421875 0.33292978208232443 0.0302734375 0.04116222760290557
1 0.427734375 0.3026634382566586 0.0908203125 0.15375302663438256
1 0.1298828125 0.4648910411622276 0.0625 0.09927360774818401
1 0.2099609375 0.4116222760290557 0.0380859375 0.05447941888619855
1 0.064453125 0.38498789346246975 0.0439453125 0.05447941888619855
1 0.1337890625 0.3159806295399516 0.0244140625 0.0387409200968523
1 0.025390625 0.30024213075060535 0.029296875 0.04116222760290557
1 0.201171875 0.31113801452784506 0.0234375 0.0423728813559322
1 0.2587890625 0.274818401937046 0.0185546875 0.02784503631961259
1 0.1630859375 0.2990314769975787 0.0205078125 0.03268765133171913
1 0.17578125 0.2397094430992736 0.01953125 0.026634382566585957
1 0.26171875 0.23365617433414043 0.01953125 0.026634382566585957
1 0.1123046875 0.22518159806295399 0.0185546875 0.029055690072639227
1 0.310546875 0.24092009685230023 0.017578125 0.03026634382566586
1 0.5205078125 0.31113801452784506 0.0263671875 0.04600484261501211
1 0.5185546875 0.22760290556900725 0.01953125 0.03026634382566586
1 0.4833984375 0.19128329297820823 0.0126953125 0.021791767554479417
1 0.6044921875 0.2639225181598063 0.025390625 0.0387409200968523
1 0.583984375 0.14043583535108958 0.0224609375 0.03753026634382567
1 0.609375 0.17675544794188863 0.015625 0.02784503631961259
1 0.6591796875 0.23123486682808717 0.013671875 0.021791767554479417
1 0.6650390625 0.18886198547215496 0.0146484375 0.021791767554479417
1 0.6494140625 0.16343825665859565 0.0126953125 0.024213075060532687
1 0.8984375 0.18886198547215496 0.0146484375 0.021791767554479417
1 0.9462890625 0.18886198547215496 0.0146484375 0.023002421307506054
1 0.9267578125 0.16464891041162227 0.0146484375 0.021791767554479417
1 0.8974609375 0.16343825665859565 0.01953125 0.024213075060532687
1 0.85546875 0.15980629539951574 0.0146484375 0.023002421307506054
1 0.81640625 0.16343825665859565 0.0146484375 0.021791767554479417
1 0.33203125 0.1864406779661017 0.013671875 0.020581113801452784
1 0.369140625 0.17796610169491525 0.0126953125 0.024213075060532687
1 0.2275390625 0.19612590799031476 0.0146484375 0.025423728813559324
1 0.046875 0.14043583535108958 0.021484375 0.035108958837772396
1 0.1162109375 0.1791767554479419 0.0126953125 0.021791767554479417
1 0.177734375 0.1682808716707022 0.0107421875 0.015738498789346248
1 0.21484375 0.15980629539951574 0.0107421875 0.018159806295399514
1 0.333984375 0.1549636803874092 0.013671875 0.018159806295399514