1 0.048828125 0.06567534076827757 0.0302734375 0.048327137546468404
1 0.1376953125 0.10532837670384139 0.029296875 0.04956629491945477
1 0.1728515625 0.12143742255266418 0.0263671875 0.042131350681536554
1 0.2060546875 0.09293680297397769 0.0244140625 0.040892193308550186
1 0.248046875 0.10037174721189591 0.0302734375 0.040892193308550186
1 0.27734375 0.026022304832713755 0.01953125 0.026022304832713755
1 0.310546875 0.04584882280049566 0.0146484375 0.026022304832713755
1 0.216796875 0.024783147459727387 0.0146484375 0.021065675340768277
1 0.400390625 0.13506815365551425 0.0283203125 0.04708798017348203
1 0.4736328125 0.13135068153655513 0.0078125 0.01486988847583643
1 0.4951171875 0.137546468401487 0.0068359375 0.011152416356877323
1 0.515625 0.1288723667905824 0.0068359375 0.012391573729863693
1 0.4306640625 0.13011152416356878 0.005859375 0.013630731102850062
1 0.068359375 0.5885997521685254 0.0244140625 0.04337050805452292
1 0.0302734375 0.6059479553903345 0.0185546875 0.028500619578686492
1 0.15625 0.5997521685254027 0.009765625 0.01734820322180917
1 0.1884765625 0.6047087980173482 0.0302734375 0.04460966542750929
1 0.2333984375 0.6084262701363073 0.01171875 0.01734820322180917
1 0.2265625 0.5935563816604709 0.0078125 0.011152416356877323
1 0.326171875 0.6232961586121437 0.015625 0.023543990086741014
1 0.4365234375 0.5985130111524164 0.015625 0.03345724907063197
1 0.42578125 0.6133828996282528 0.0068359375 0.013630731102850062
1 0.8486328125 0.5700123915737298 0.0185546875 0.03841387856257745
1 0.9111328125 0.5477075588599752 0.0224609375 0.04956629491945477
1 0.662109375 0.5824039653035935 0.0478515625 0.07063197026022305