1 0.1162109375 0.6315104166666666 0.03125 0.046875
1 0.2939453125 0.59375 0.0263671875 0.0390625
1 0.4462890625 0.5729166666666666 0.03125 0.04296875
1 0.490234375 0.6276041666666666 0.025390625 0.037760416666666664
1 0.216796875 0.5286458333333334 0.0185546875 0.02734375
1 0.1875 0.5911458333333334 0.01953125 0.02734375
1 0.0498046875 0.4622395833333333 0.0205078125 0.03125
1 0.263671875 0.4557291666666667 0.015625 0.024739583333333332
1 0.3330078125 0.484375 0.017578125 0.026041666666666668
1 0.4658203125 0.5325520833333334 0.0205078125 0.032552083333333336
1 0.3271484375 0.45703125 0.0146484375 0.0234375
1 0.537109375 0.4908854166666667 0.015625 0.018229166666666668
1 0.5576171875 0.44921875 0.009765625 0.013020833333333334
1 0.6142578125 0.453125 0.013671875 0.020833333333333332
1 0.638671875 0.44140625 0.005859375 0.010416666666666666
1 0.603515625 0.4388020833333333 0.005859375 0.009114583333333334
1 0.595703125 0.44921875 0.005859375 0.0078125
1 0.755859375 0.53515625 0.0244140625 0.049479166666666664
1 0.626953125 0.6888020833333334 0.025390625 0.044270833333333336
1 0.8544921875 0.515625 0.029296875 0.028645833333333332
1 0.9580078125 0.4674479166666667 0.021484375 0.036458333333333336
1 0.9267578125 0.44921875 0.0146484375 0.020833333333333332
1 0.884765625 0.6484375 0.0166015625 0.028645833333333332
1 0.681640625 0.5546875 0.017578125 0.024739583333333332
1 0.4580078125 0.4544270833333333 0.005859375 0.0078125
1 0.4228515625 0.44921875 0.0048828125 0.01171875
1 0.6767578125 0.4713541666666667 0.01171875 0.024739583333333332
1 0.48046875 0.46484375 0.01171875 0.016927083333333332
1 0.25390625 0.2903645833333333 0.029296875 0.0390625