1 0.1044921875 0.4009433962264151 0.0322265625 0.06446540880503145
1 0.150390625 0.35062893081761004 0.0107421875 0.0220125786163522
1 0.1767578125 0.35377358490566035 0.037109375 0.08176100628930817
1 0.2421875 0.35377358490566035 0.0283203125 0.05660377358490566
1 0.296875 0.3757861635220126 0.0390625 0.08176100628930817
1 0.0556640625 0.42924528301886794 0.0126953125 0.025157232704402517
1 0.021484375 0.3867924528301887 0.0361328125 0.06761006289308176
1 0.5341796875 0.15723270440251572 0.0126953125 0.029874213836477988
1 0.46484375 0.3710691823899371 0.041015625 0.0770440251572327
1 0.5625 0.36163522012578614 0.029296875 0.055031446540880505
1 0.6103515625 0.33176100628930816 0.0419921875 0.08176100628930817
1 0.6552734375 0.2971698113207547 0.0498046875 0.07389937106918239
1 0.736328125 0.3474842767295597 0.033203125 0.059748427672955975
1 0.7724609375 0.3522012578616352 0.0244140625 0.04559748427672956
1 0.80859375 0.3632075471698113 0.0224609375 0.0440251572327044
1 0.77734375 0.4229559748427673 0.046875 0.0880503144654088
1 0.833984375 0.39308176100628933 0.0380859375 0.06918238993710692
1 0.8681640625 0.3915094339622642 0.013671875 0.031446540880503145
1 0.9072265625 0.4009433962264151 0.02734375 0.04716981132075472
1 0.94921875 0.42138364779874216 0.0166015625 0.03773584905660377
1 0.974609375 0.3915094339622642 0.0498046875 0.10220125786163523
1 0.15234375 0.43238993710691825 0.025390625 0.055031446540880505