1 0.658203125 0.3465491923641703 0.0126953125 0.02936857562408223
1 0.736328125 0.33627019089574156 0.0078125 0.014684287812041116
1 0.8701171875 0.3303964757709251 0.009765625 0.023494860499265784
1 0.9462890625 0.31277533039647576 0.013671875 0.02643171806167401
1 0.259765625 0.3069016152716593 0.0185546875 0.04552129221732746
1 0.0927734375 0.3201174743024963 0.0166015625 0.024963289280469897
1 0.3193359375 0.3201174743024963 0.013671875 0.024963289280469897
1 0.408203125 0.29955947136563876 0.009765625 0.01762114537444934
1 0.4638671875 0.29515418502202645 0.0107421875 0.016152716593245228
1 0.501953125 0.32158590308370044 0.0087890625 0.014684287812041116
1 0.4404296875 0.33480176211453744 0.005859375 0.013215859030837005
1 0.3876953125 0.3274596182085169 0.0078125 0.013215859030837005
1 0.2939453125 0.32305433186490456 0.0068359375 0.011747430249632892
1 0.2333984375 0.3333333333333333 0.009765625 0.016152716593245228
1 0.2158203125 0.32158590308370044 0.0068359375 0.014684287812041116
1 0.142578125 0.31277533039647576 0.005859375 0.010279001468428781
1 0.00439453125 0.3201174743024963 0.0087890625 0.016152716593245228
1 0.029296875 0.31718061674008813 0.005859375 0.010279001468428781