1 0.072265625 0.28654970760233917 0.0185546875 0.03216374269005848
1 0.1044921875 0.23976608187134502 0.0087890625 0.008771929824561403
1 0.1240234375 0.30409356725146197 0.005859375 0.014619883040935672
1 0.15234375 0.28654970760233917 0.015625 0.033625730994152045
1 0.216796875 0.3230994152046784 0.021484375 0.04532163742690058
1 0.2822265625 0.2953216374269006 0.01171875 0.024853801169590642
1 0.3291015625 0.24269005847953215 0.0048828125 0.008771929824561403
1 0.3427734375 0.2777777777777778 0.0029296875 0.007309941520467836
1 0.3740234375 0.25292397660818716 0.0224609375 0.05555555555555555
1 0.458984375 0.2821637426900585 0.017578125 0.027777777777777776
1 0.5517578125 0.23830409356725146 0.0361328125 0.06286549707602339
1 0.4130859375 0.2719298245614035 0.00390625 0.005847953216374269
1 0.4296875 0.2719298245614035 0.00390625 0.008771929824561403
1 0.634765625 0.31140350877192985 0.01171875 0.017543859649122806
1 0.671875 0.2953216374269006 0.0107421875 0.019005847953216373
1 0.7265625 0.22953216374269006 0.0263671875 0.04824561403508772
1 0.8388671875 0.2733918128654971 0.0166015625 0.02631578947368421
1 0.8203125 0.29239766081871343 0.009765625 0.011695906432748537
1 0.8955078125 0.2953216374269006 0.0087890625 0.01608187134502924
1 0.9248046875 0.3084795321637427 0.0107421875 0.01608187134502924
1 0.953125 0.30409356725146197 0.0078125 0.011695906432748537
1 0.9765625 0.30409356725146197 0.0078125 0.011695906432748537
1 0.1982421875 0.2982456140350877 0.0068359375 0.013157894736842105