1 0.08984375 0.3656387665198238 0.0234375 0.048458149779735685
1 0.2236328125 0.3010279001468429 0.0205078125 0.05286343612334802
1 0.248046875 0.24963289280469897 0.0380859375 0.07929515418502203
1 0.0654296875 0.3744493392070485 0.0166015625 0.0381791483113069
1 0.3544921875 0.5330396475770925 0.017578125 0.03671071953010279
1 0.3466796875 0.37298091042584436 0.009765625 0.01762114537444934
1 0.337890625 0.3700440528634361 0.0068359375 0.016152716593245228
1 0.412109375 0.3436123348017621 0.025390625 0.033773861967694566
1 0.4462890625 0.3891336270190896 0.013671875 0.02936857562408223
1 0.470703125 0.3935389133627019 0.0126953125 0.03524229074889868
1 0.478515625 0.3788546255506608 0.0126953125 0.027900146842878122
1 0.505859375 0.35829662261380324 0.0126953125 0.027900146842878122
1 0.53515625 0.368575624082232 0.021484375 0.033773861967694566
1 0.041015625 0.32305433186490456 0.01953125 0.0381791483113069
1 0.5771484375 0.3377386196769457 0.0322265625 0.06167400881057269
1 0.70703125 0.31718061674008813 0.025390625 0.055800293685756244
1 0.6396484375 0.39060205580029367 0.0078125 0.014684287812041116
1 0.876953125 0.2745961820851689 0.0390625 0.06901615271659324
1 0.9912109375 0.3436123348017621 0.0166015625 0.0513950073421439
1 0.6162109375 0.5168869309838473 0.015625 0.02936857562408223