1 0.0263671875 0.6407185628742516 0.0048828125 0.01347305389221557
1 0.0224609375 0.5553892215568862 0.021484375 0.04341317365269461
1 0.046875 0.6287425149700598 0.0087890625 0.019461077844311378
1 0.0830078125 0.6362275449101796 0.01171875 0.020958083832335328
1 0.115234375 0.6377245508982036 0.0107421875 0.02245508982035928
1 0.140625 0.6601796407185628 0.0048828125 0.008982035928143712
1 0.16015625 0.6646706586826348 0.005859375 0.010479041916167664
1 0.169921875 0.6586826347305389 0.0048828125 0.008982035928143712
1 0.2265625 0.6377245508982036 0.0068359375 0.008982035928143712
1 0.2578125 0.6422155688622755 0.00390625 0.008982035928143712
1 0.2646484375 0.6497005988023952 0.0048828125 0.010479041916167664
1 0.275390625 0.6392215568862275 0.005859375 0.01347305389221557
1 0.287109375 0.624251497005988 0.009765625 0.014970059880239521
1 0.296875 0.6437125748502994 0.005859375 0.016467065868263474
1 0.306640625 0.6377245508982036 0.0126953125 0.019461077844311378
1 0.3232421875 0.6077844311377245 0.0146484375 0.02844311377245509
1 0.345703125 0.6017964071856288 0.013671875 0.029940119760479042
1 0.365234375 0.6272455089820359 0.01171875 0.019461077844311378
1 0.384765625 0.6092814371257484 0.015625 0.03293413173652695
1 0.4267578125 0.5673652694610778 0.021484375 0.04640718562874251
1 0.4912109375 0.5344311377245509 0.03125 0.061377245508982034
1 0.583984375 0.4625748502994012 0.037109375 0.0718562874251497
1 0.763671875 0.3398203592814371 0.0615234375 0.12125748502994012
1 0.2392578125 0.6467065868263473 0.001953125 0.004491017964071856
1 0.39453125 0.6002994011976048 0.0107421875 0.025449101796407185