1 0.896484375 0.4137426900584795 0.052734375 0.08625730994152046
1 0.95703125 0.3888888888888889 0.03515625 0.06286549707602339
1 0.0859375 0.2894736842105263 0.009765625 0.017543859649122806
1 0.060546875 0.2953216374269006 0.01171875 0.019005847953216373
1 0.005859375 0.3201754385964912 0.01171875 0.03216374269005848
1 0.0078125 0.25292397660818716 0.0068359375 0.01023391812865497
1 0.00244140625 0.26608187134502925 0.0048828125 0.014619883040935672
1 0.564453125 0.29385964912280704 0.01171875 0.02046783625730994
1 0.9775390625 0.2807017543859649 0.0126953125 0.02046783625730994
1 0.9833984375 0.35964912280701755 0.0244140625 0.04093567251461988
1 0.71484375 0.30409356725146197 0.0263671875 0.043859649122807015
1 0.8193359375 0.3230994152046784 0.0263671875 0.043859649122807015
1 0.66015625 0.38596491228070173 0.0322265625 0.05847953216374269
1 0.58984375 0.30409356725146197 0.0234375 0.04093567251461988
1 0.6796875 0.28362573099415206 0.013671875 0.024853801169590642
1 0.626953125 0.3026315789473684 0.015625 0.02631578947368421
1 0.5068359375 0.3055555555555556 0.0263671875 0.043859649122807015
1 0.4990234375 0.2675438596491228 0.015625 0.02631578947368421
1 0.46875 0.27485380116959063 0.0107421875 0.019005847953216373
1 0.4892578125 0.260233918128655 0.01171875 0.017543859649122806
1 0.412109375 0.2880116959064328 0.025390625 0.043859649122807015
1 0.3818359375 0.2675438596491228 0.009765625 0.017543859649122806
1 0.3046875 0.31871345029239767 0.0263671875 0.043859649122807015
1 0.3359375 0.2631578947368421 0.013671875 0.02631578947368421
1 0.3486328125 0.2821637426900585 0.015625 0.021929824561403508
1 0.3212890625 0.24269005847953215 0.009765625 0.014619883040935672
1 0.3310546875 0.3157894736842105 0.0166015625 0.03070175438596491
1 0.2861328125 0.2412280701754386 0.009765625 0.01608187134502924
1 0.2333984375 0.2733918128654971 0.0224609375 0.038011695906432746
1 0.3662109375 0.49122807017543857 0.0576171875 0.10818713450292397
1 0.8154296875 0.5891812865497076 0.0859375 0.1564327485380117
1 0.328125 0.4502923976608187 0.0322265625 0.06871345029239766
1 0.1376953125 0.3084795321637427 0.0224609375 0.03508771929824561
1 0.1064453125 0.36257309941520466 0.029296875 0.043859649122807015
1 0.205078125 0.3538011695906433 0.029296875 0.04678362573099415
1 0.1611328125 0.25 0.0087890625 0.014619883040935672
1 0.15625 0.2412280701754386 0.0078125 0.013157894736842105
1 0.1142578125 0.25584795321637427 0.0078125 0.013157894736842105
1 0.1025390625 0.26608187134502925 0.0068359375 0.011695906432748537