1 0.162109375 0.47602131438721135 0.048828125 0.1261101243339254
1 0.2177734375 0.4067495559502664 0.03125 0.07282415630550622
1 0.119140625 0.35701598579040855 0.0341796875 0.055062166962699825
1 0.115234375 0.3978685612788632 0.0322265625 0.0763765541740675
1 0.2705078125 0.46714031971580816 0.05078125 0.13321492007104796
1 0.2626953125 0.3996447602131439 0.0390625 0.10301953818827708
1 0.2412109375 0.3392539964476021 0.033203125 0.06216696269982238
1 0.3125 0.3339253996447602 0.0390625 0.0763765541740675
1 0.37890625 0.35879218472468916 0.029296875 0.06216696269982238
1 0.3857421875 0.2966252220248668 0.0224609375 0.07460035523978685
1 0.4375 0.4227353463587922 0.0478515625 0.11545293072824156
1 0.4140625 0.5310834813499112 0.05078125 0.14209591474245115
1 0.4794921875 0.5346358792184724 0.0546875 0.12966252220248667
1 0.462890625 0.3641207815275311 0.0439453125 0.108348134991119
1 0.5166015625 0.3552397868561279 0.041015625 0.0905861456483126
1 0.5546875 0.38010657193605685 0.03125 0.08348134991119005
1 0.6416015625 0.4493783303730018 0.044921875 0.1438721136767318
1 0.654296875 0.35701598579040855 0.037109375 0.0763765541740675
1 0.77734375 0.38010657193605685 0.04296875 0.11012433392539965
1 0.7626953125 0.5026642984014209 0.0478515625 0.12433392539964476
1 0.796875 0.31793960923623443 0.0478515625 0.09591474245115453
1 0.83984375 0.30550621669627 0.0400390625 0.10124333925399645
1 0.8779296875 0.5399644760213144 0.0537109375 0.14031971580817051
1 0.9453125 0.5595026642984015 0.052734375 0.14031971580817051
1 0.93359375 0.36767317939609234 0.044921875 0.10657193605683836
1 0.9814453125 0.3605683836589698 0.0361328125 0.08348134991119005
1 0.9755859375 0.46714031971580816 0.0458984375 0.11900532859680284
1 0.982421875 0.6412078152753108 0.0341796875 0.1492007104795737
1 0.0078125 0.49023090586145646 0.0146484375 0.08170515097690942
1 0.740234375 0.34458259325044405 0.0283203125 0.055062166962699825
1 0.8603515625 0.4369449378330373 0.046875 0.08348134991119005