1 0.6494140625 0.4128843338213763 0.0146484375 0.027818448023426062
1 0.52734375 0.38653001464128844 0.0166015625 0.03074670571010249
1 0.3525390625 0.3967789165446559 0.03125 0.05856515373352855
1 0.4091796875 0.42752562225475843 0.0234375 0.040995607613469986
1 0.2744140625 0.4128843338213763 0.037109375 0.06588579795021962
1 0.3095703125 0.40702781844802344 0.0205078125 0.03806734992679356
1 0.244140625 0.39092240117130306 0.025390625 0.0424597364568082
1 0.1708984375 0.3953147877013177 0.0302734375 0.04978038067349927
1 0.19921875 0.3601756954612006 0.0146484375 0.029282576866764276
1 0.091796875 0.3953147877013177 0.0224609375 0.03806734992679356
1 0.1357421875 0.34260614934114203 0.01953125 0.0424597364568082
1 0.08984375 0.29282576866764276 0.0166015625 0.027818448023426062
1 0.04296875 0.38799414348462663 0.037109375 0.06734992679355783
1 0.00537109375 0.363103953147877 0.0107421875 0.040995607613469986
1 0.0595703125 0.2840409956076135 0.0126953125 0.02635431918008785
1 0.189453125 0.31478770131771594 0.0087890625 0.021961932650073207
1 0.994140625 0.36749633967789164 0.0107421875 0.05856515373352855
1 0.9775390625 0.3923865300146413 0.033203125 0.060029282576866766
1 0.951171875 0.40995607613469986 0.0224609375 0.048316251830161056
1 0.9267578125 0.404099560761347 0.01171875 0.029282576866764276
1 0.935546875 0.4158125915080527 0.0107421875 0.024890190336749635
1 0.912109375 0.4143484626647145 0.015625 0.02635431918008785
1 0.8369140625 0.3938506588579795 0.0185546875 0.027818448023426062
1 0.734375 0.41874084919472915 0.037109375 0.05856515373352855
1 0.7626953125 0.40995607613469986 0.0166015625 0.032210834553440704
1 0.458984375 0.36749633967789164 0.0625 0.10102489019033675
1 0.54296875 0.42313323572474376 0.029296875 0.05124450951683748
1 0.58203125 0.41874084919472915 0.025390625 0.03953147877013177
1 0.603515625 0.42020497803806733 0.0185546875 0.027818448023426062
1 0.630859375 0.4128843338213763 0.021484375 0.032210834553440704